https://data.binance.vision/
istenen data cekiliyor
cvs olarak alınan data excelde acılıp 
Opentime,Open,High,Low,Close,Volume,Closetime,Quote asset volume,Number of trades,Taker buy base asset volume,Taker buy quote asset volume,Ignore
ilk satıra bu ekleniyor cvs de virguller kalacak
ex 1640995200000,46216.93000000,46731.39000000,46208.37000000,46656.13000000,1503.33095000,1640998799999,69879986.39049930,38608,806.06536000,37462156.91764400,0
seklinde 
import csv

sonuc 

highmat = [46731.39, 46949.99, 46928.94, 46916.63, 46887.33, 47555.55, 47324.42, 47255.85, 47344.69, 47215.56, 47298.75, 47007.73, 47150.48, 47199.67, 47100.0, 47491.14, 47527.24, 47954.63, 47844.97, 47611.84, 47559.03, 47573.05, 47490.98, 47814.0, 47750.0, 47641.83, 47449.56, 47467.11, 47415.73, 47089.63, 47244.0, 47300.0, 47247.12, 47499.45, 47348.34, 47400.0, 47447.0, 47300.86, 47202.39, 47390.0, 47886.0, 47990.0, 47401.14, 47217.1, 47050.0, 47187.98, 47398.99, 47469.34, 47289.11, 47138.78, 47116.71, 47084.8, 46944.77, 47211.09, 47100.0, 47080.0, 47135.97, 47109.25, 47251.19, 47431.67, 47570.0, 47495.96, 47285.39, 47018.0, 46780.0, 46790.0, 46740.96, 46645.34, 46413.47, 46260.44, 46439.97, 46576.94, 46549.19, 46404.94, 46268.72, 46383.77, 46411.12, 46292.15, 46390.04, 46600.21, 46682.06, 46599.53, 46772.41, 46765.05, 46763.0, 47069.01, 47500.1, 47557.54, 46925.35, 46984.99, 46719.78, 46454.86, 46428.27, 46322.89, 46262.39, 46159.91, 46298.56, 46333.22, 46390.15, 46549.0, 46527.39, 46419.0, 46466.65, 46490.2, 46681.61, 46949.0, 47070.0, 46869.25, 46348.2, 46466.66, 46822.17, 46822.16, 46674.37, 46469.66, 46365.68, 46118.85, 44847.99, 44331.42, 43815.2, 43709.12, 43772.41, 43816.0, 43618.34, 43310.69, 43159.17, 43246.37, 43231.85, 43275.8, 43273.87, 43089.86, 42960.0, 42974.21, 43077.0, 43200.0, 43267.09, 43019.71, 43131.76, 43175.66, 43400.0, 43508.78, 43581.3, 43253.29, 43236.73, 43241.41, 43145.83, 43030.5, 43030.0, 42827.07, 41909.23, 41950.0, 41853.19, 41731.36, 42883.47, 42628.34, 42533.43, 42350.73, 42500.0, 42766.17, 42132.98, 41915.36, 42315.85, 42166.86, 42000.0, 41898.33, 42054.0, 42035.0, 41879.42, 41599.92, 42115.2, 42246.37, 41944.44, 41911.86, 41991.2, 41999.99, 41994.66, 41975.44, 42177.94, 42187.2, 42200.0, 41972.0, 42063.23, 42037.75, 41997.71, 41799.04, 41740.53, 41398.45, 41314.11, 41100.0, 41175.32, 42061.32, 42300.0, 41948.94, 41831.25, 41924.57, 42170.11, 42105.62, 42103.31, 42097.44, 41948.4, 41908.55, 41949.99, 41766.8, 41728.65, 41990.0, 41923.39, 41894.01, 41743.26, 41681.89, 42146.25, 42200.0, 42279.0, 42740.0, 42786.7, 42557.36, 42497.26, 42282.3, 42037.05, 41850.0, 41997.9, 41990.99, 42248.5, 42230.84, 42048.63, 42149.31, 42116.61, 41937.41, 41986.0, 41793.85, 41616.72, 41057.52, 41275.92, 41200.0, 41985.99, 42121.63, 41723.87, 41698.07, 41779.46, 41985.0, 41849.45, 41892.87, 41878.78, 42062.91, 42400.01, 42277.99, 42387.78, 42315.79, 42232.68, 42280.0, 42627.66, 42148.04, 42066.61, 41944.0, 41956.45, 41899.0, 41823.01, 42200.0, 42925.07, 43100.0, 42916.97, 43086.7, 43095.26, 42823.69, 42776.14, 42886.28, 42965.0, 42769.06, 42712.29, 42679.76, 42733.87, 42773.64, 42867.55, 42675.55, 42717.57, 42909.92, 42990.01, 43443.6, 43301.5, 44078.4, 43957.0, 43933.0, 43688.5, 43867.19, 43886.26, 43760.94, 43993.66, 44322.0, 43948.99, 44032.19, 44075.42, 43808.88, 43684.28, 43646.87, 43719.99, 43763.57, 43795.44, 43764.98, 43898.33, 43991.78, 44014.51, 43830.68, 43811.0, 43939.0, 44500.0, 44211.0, 43500.0, 43255.04, 42962.96, 42896.81, 42796.18, 42879.76, 42888.18, 42771.94, 42784.0, 42777.17, 42728.08, 42738.47, 42880.0, 42905.15, 42978.1, 42886.58, 42678.82, 42688.84, 42611.63, 42075.71, 42250.0, 42321.23, 43098.88, 43347.42, 43239.89, 43270.96, 43114.71, 43408.0, 43189.86, 43448.78, 43393.75, 43286.7, 43174.0, 43150.0, 43090.0, 43121.05, 42961.46, 43050.0, 43099.81, 43093.17, 43117.18, 43088.99, 43283.83, 43108.65, 43039.72, 42973.28, 43315.0, 43406.96, 43430.98, 43564.15, 43391.11, 43554.79, 43800.0, 43524.98, 43398.4, 43375.0, 43117.5, 43153.63, 43087.18, 43046.84, 43089.0, 43123.43, 43225.86, 43253.68, 43305.0, 43131.37, 43185.71, 43042.67, 43141.55, 43187.87, 43416.05, 43350.0, 43475.0, 43428.83, 43126.04, 43081.28, 43117.05, 43093.01, 43245.0, 43263.15, 43176.18, 42946.93, 43000.0, 42981.46, 42807.95, 42699.0, 42865.58, 42967.99, 42866.48, 42900.0, 42894.99, 42842.79, 42793.16, 42694.99, 42741.97, 42686.68, 42538.47, 42249.94, 42299.0, 42318.61, 42306.96, 42148.21, 42392.66, 42296.14, 42418.0, 42436.66, 42302.19, 42298.47, 42099.19, 42191.02, 42337.3, 42276.38, 42065.42, 41990.93, 42050.0, 41930.0, 41950.0, 41842.84, 41689.39, 41842.96, 41799.08, 41737.38, 41672.01, 41770.8, 41784.97, 42484.08, 42691.0, 42560.91, 42482.51, 42458.87, 42500.0, 42341.56, 41807.97, 41809.72, 41849.94, 41710.59, 41400.0, 41672.39, 41616.52, 42178.48, 42272.71, 42332.07, 42559.13, 42532.65, 42052.48, 42355.9, 42235.04, 42049.36, 41961.51, 41841.07, 41993.98, 41989.42, 41860.55, 41877.55, 42068.91, 42082.26, 41989.3, 41948.96, 42052.11, 42148.0, 42084.91, 42085.0, 42149.39, 42232.76, 42131.71, 42466.88, 43060.0, 43456.0, 43505.0, 43307.48, 43090.04, 43241.38, 42996.64, 42730.9, 41543.47, 41176.93, 41100.0, 40929.76, 40280.0, 39944.45, 39070.0, 38998.0, 38936.66, 39177.2, 39297.55, 39189.63, 39320.0, 38979.2, 38933.04, 38751.6, 38934.29, 39042.4, 39071.13, 38752.7, 38644.02, 38500.0, 38470.0, 38464.36, 37201.16, 36890.0, 36835.22, 36619.71, 36549.91, 36690.0, 36423.82, 36342.71, 35984.68, 35895.0, 35819.73, 35737.15, 35948.01, 35693.09, 35900.0, 36192.76, 35656.93, 35319.99, 35501.96, 35217.94, 34800.0, 34854.84, 35500.0, 35729.03, 35395.26, 35107.0, 35479.11, 35526.28, 35346.21, 35101.53, 35295.97, 35565.09, 35600.47, 35758.64, 35961.23, 36150.76, 35948.74, 35906.76, 35832.36, 36055.0, 36080.5, 35374.31, 35450.0, 35445.49, 35398.38, 35205.52, 35387.8, 35566.66, 35545.76, 36499.0, 36251.5, 36042.21, 35715.01, 35399.99, 35473.45, 35249.27, 35356.65, 35314.95, 35562.15, 35093.13, 34600.0, 34249.88, 33890.0, 33776.02, 34138.16, 34388.38, 34576.01, 35535.69, 36436.0, 36340.54, 37550.0, 37264.93, 36842.95, 36767.09, 36691.87, 36196.14, 36335.48, 36460.03, 36496.62, 36110.81, 36150.92, 36106.0, 36564.07, 36510.0, 36800.0, 36600.44, 36777.77, 36579.99, 37149.42, 36780.0, 37086.64, 37481.75, 37545.14, 37421.0, 37103.15, 36905.87, 36791.16, 37042.53, 37000.0, 36916.23, 37047.83, 37522.24, 37876.8, 37974.43, 37798.46, 37400.0, 37700.17, 37975.57, 38173.2, 38248.92, 38090.61, 38275.0, 38499.0, 38369.03, 38295.65, 38380.01, 38300.0, 38919.98, 37580.03, 37181.85, 36583.8, 36886.68, 37080.0, 37005.84, 36041.84, 36243.32, 36000.0, 36091.0, 36175.64, 36303.8, 36500.0, 36611.21, 36649.61, 36781.79, 36784.27, 36849.37, 37199.0, 37030.0, 36787.77, 36600.0, 36345.76, 36327.72, 36435.7, 36330.83, 37000.0, 37234.47, 37467.98, 37222.73, 36973.56, 37450.0, 37449.98, 37328.87, 37500.0, 37099.09, 36882.22, 36853.09, 36678.19, 36650.0, 36594.59, 36989.92, 37096.08, 37300.0, 37376.7, 37193.42, 37137.09, 37238.11, 37858.19, 38000.0, 37943.55, 37850.0, 37983.41, 37899.99, 37635.93, 37750.0, 37916.08, 37834.99, 37835.0, 37925.0, 37923.0, 37786.85, 37809.83, 37788.24, 37916.99, 38186.11, 38198.82, 37735.67, 37603.57, 37720.77, 37904.19, 37950.0, 38650.0, 38720.74, 38411.72, 38185.8, 38281.24, 37976.29, 38054.18, 38044.24, 38183.86, 38300.0, 38152.79, 38290.0, 38359.26, 38073.45, 38189.19, 38259.14, 38153.82, 37998.99, 37999.9, 38041.32, 38074.76, 37994.87, 38020.39, 37827.14, 37740.0, 37762.6, 37855.54, 38230.0, 37951.07, 36960.67, 37004.55, 37058.82, 37026.29, 37019.76, 37077.46, 37196.91, 37211.12, 37256.14, 37350.0, 37399.93, 37421.3, 37347.83, 37524.78, 37900.0, 38414.0, 38600.0, 38600.0, 38744.0, 38563.37, 38531.53, 38737.99, 38510.28]
Openmat = [46216.93, 46656.14, 46778.14, 46811.77, 46813.21, 46711.05, 47192.56, 46979.61, 47194.73, 47124.82, 47143.98, 46871.09, 46758.87, 47074.05, 47023.24, 46920.01, 47219.04, 47268.61, 47754.47, 47560.54, 47329.79, 47391.82, 47319.66, 47440.74, 47722.66, 47625.29, 47377.97, 47370.49, 47329.47, 46910.3, 47081.28, 47122.6, 47173.44, 47222.4, 47273.23, 47188.88, 47238.89, 47289.67, 47137.35, 47112.54, 47340.47, 47792.29, 47401.14, 47056.43, 46907.67, 47007.14, 47017.98, 47255.39, 47286.18, 47050.09, 47116.22, 46999.98, 46793.27, 46822.26, 47078.64, 46923.75, 47051.36, 46978.81, 46984.56, 47126.02, 47378.0, 47194.39, 47153.5, 46874.53, 46693.44, 46482.34, 46577.16, 46475.6, 46360.01, 45922.01, 45979.01, 46217.91, 46446.1, 46244.37, 46054.99, 46103.36, 46313.96, 46100.14, 46148.23, 46367.53, 46549.99, 46489.72, 46356.21, 46625.37, 46733.78, 46641.52, 46955.22, 47336.98, 46925.34, 46767.28, 46555.0, 45750.01, 46052.35, 46264.92, 46221.89, 46159.91, 45832.01, 46271.56, 46111.5, 46296.96, 46422.56, 46419.0, 46302.79, 46450.0, 46407.5, 46636.78, 46858.93, 46818.5, 46271.0, 46229.99, 46440.0, 46689.52, 46622.53, 46301.62, 46010.72, 45919.93, 44685.93, 43967.01, 43602.49, 43437.04, 43451.14, 43680.94, 43542.69, 43259.55, 42835.0, 43029.73, 43050.0, 43102.28, 43245.26, 43055.42, 42597.87, 42878.87, 42878.33, 43062.77, 43150.0, 42805.5, 42950.02, 42882.23, 43005.3, 43369.04, 43438.11, 43221.5, 43120.63, 43180.96, 43082.3, 42788.15, 43008.9, 42799.12, 41803.11, 41700.33, 41851.33, 41529.15, 41706.71, 42088.61, 42422.57, 42172.84, 42258.62, 42400.0, 41489.19, 41894.4, 41310.85, 42137.38, 41993.68, 41707.04, 41775.38, 41922.19, 41875.0, 41541.83, 41566.48, 41991.89, 41883.42, 41882.86, 41810.92, 41900.92, 41971.7, 41922.22, 41913.59, 41964.87, 42163.71, 41918.66, 41940.22, 41876.32, 41904.99, 41746.29, 41609.6, 41346.02, 40842.11, 40679.82, 40831.06, 40975.36, 41769.03, 41911.1, 41679.74, 41773.24, 41809.66, 42098.99, 41833.9, 42079.4, 41765.89, 41873.62, 41791.5, 41666.66, 41510.0, 41644.7, 41857.62, 41746.98, 41470.0, 41535.93, 41621.11, 42143.05, 42094.48, 41966.99, 42695.27, 42439.38, 42300.01, 42205.36, 41864.62, 41655.18, 41815.32, 41927.7, 41967.59, 42187.22, 42031.3, 41925.01, 42042.38, 41808.96, 41796.01, 41778.88, 41565.33, 40930.01, 40774.01, 40786.57, 40984.34, 41904.4, 41184.44, 41604.58, 41297.15, 41716.81, 41714.14, 41604.98, 41822.49, 41593.69, 41928.82, 42173.77, 42277.99, 42304.65, 42110.0, 42104.99, 42212.21, 41991.78, 41984.79, 41631.02, 41809.99, 41812.7, 41700.74, 41639.51, 41733.92, 42705.24, 42549.01, 42754.99, 42972.04, 42797.62, 42664.71, 42713.12, 42729.29, 42675.03, 42626.04, 42559.34, 42605.01, 42629.91, 42705.51, 42675.54, 42561.66, 42603.51, 42796.84, 42765.18, 42935.92, 43285.52, 43920.96, 43849.55, 43560.29, 43611.03, 43841.56, 43589.97, 43743.1, 43819.16, 43776.6, 43842.94, 43902.65, 43720.0, 43548.58, 43587.62, 43505.99, 43623.01, 43662.68, 43708.42, 43699.99, 43896.43, 43883.0, 43780.25, 43603.58, 43803.16, 43924.61, 44154.52, 43200.01, 43250.92, 42822.12, 42709.29, 42700.67, 42796.18, 42810.99, 42597.02, 42558.35, 42750.66, 42581.12, 42713.89, 42623.87, 42679.0, 42895.0, 42810.22, 42660.0, 42519.99, 42548.52, 42075.29, 42012.94, 42057.26, 42165.01, 42975.89, 43109.0, 43201.06, 42913.26, 43050.04, 43077.93, 43100.94, 43296.29, 43250.56, 43059.96, 43100.0, 42967.8, 43089.99, 42927.95, 42907.72, 42985.97, 43068.4, 43088.12, 42983.94, 43061.7, 43096.75, 43017.59, 42715.57, 42906.51, 43186.47, 43401.21, 43338.21, 43383.26, 43334.92, 43528.33, 43485.0, 43296.72, 43237.39, 43084.29, 43069.69, 42996.99, 42922.93, 42977.22, 43023.57, 42953.17, 43200.0, 43202.21, 43070.26, 43074.99, 42900.0, 42968.3, 43005.93, 43129.54, 43300.01, 43219.54, 43381.46, 43071.88, 43066.79, 42824.79, 43029.06, 42951.02, 43190.0, 43071.66, 42891.11, 42894.05, 42918.6, 42647.4, 42622.99, 42664.68, 42748.92, 42656.03, 42790.35, 42838.94, 42795.11, 42671.3, 42550.09, 42646.37, 42661.73, 42477.67, 42217.02, 42110.84, 42174.66, 42238.31, 42078.64, 41724.19, 42077.18, 42201.63, 42361.8, 42260.9, 42272.04, 42040.53, 42033.75, 42097.25, 42236.07, 42065.42, 41718.73, 41903.48, 41924.73, 41854.13, 41807.52, 41654.1, 41449.34, 41587.26, 41710.84, 41489.04, 41607.36, 41695.59, 41784.97, 42369.92, 42480.96, 42352.12, 42246.51, 42420.17, 42340.23, 41706.41, 41712.01, 41765.99, 41710.59, 41287.1, 41368.68, 41573.59, 41509.06, 42033.0, 42094.99, 42191.85, 42495.38, 41981.27, 41912.77, 42151.0, 42005.0, 41872.45, 41629.35, 41712.22, 41976.89, 41660.0, 41828.23, 41770.0, 41983.26, 41924.97, 41884.17, 41879.19, 42009.08, 42058.31, 41969.55, 42053.54, 42103.87, 42129.45, 42033.77, 42374.09, 42969.67, 43308.7, 43274.77, 43025.85, 42834.19, 42917.31, 42723.72, 41326.04, 41164.57, 40680.92, 40894.81, 39763.0, 39835.99, 38465.65, 38842.03, 38909.01, 38680.01, 39136.31, 39157.63, 38959.77, 38965.92, 38898.19, 38186.16, 38491.01, 38429.12, 38857.24, 38720.72, 38383.49, 38268.42, 37984.11, 38350.62, 36682.23, 36123.85, 36445.31, 36487.96, 36483.15, 36467.22, 36340.43, 36278.52, 35738.77, 35719.01, 35400.01, 35599.94, 34812.32, 35488.54, 35406.76, 35769.8, 35576.29, 35009.27, 34838.69, 35095.23, 34610.0, 34392.12, 34528.61, 35287.5, 35383.95, 34875.0, 35071.42, 35401.11, 35316.99, 34875.3, 35051.01, 35217.65, 35456.4, 35279.84, 35571.19, 35846.77, 35877.41, 35902.12, 35686.29, 35803.21, 35969.28, 35323.85, 35282.66, 35228.44, 35332.59, 34956.28, 34775.45, 35300.13, 35346.15, 35508.47, 36244.55, 35840.3, 35650.01, 35201.17, 35338.25, 35123.57, 35184.06, 35265.14, 34887.9, 34959.79, 34510.04, 33276.59, 33697.12, 33114.89, 33335.23, 33622.7, 34237.31, 34417.75, 35363.11, 36179.99, 36066.4, 37218.56, 36807.92, 36369.43, 36660.35, 36038.09, 36125.31, 36317.26, 36424.5, 35950.01, 36054.81, 35843.89, 36044.01, 36070.55, 36409.42, 36430.38, 36406.0, 36519.12, 36497.39, 36299.99, 36530.0, 36837.7, 37273.32, 37320.08, 37067.13, 36859.8, 36556.04, 36791.16, 36958.32, 36638.55, 36851.85, 36812.9, 37389.77, 37789.73, 37600.01, 37288.56, 37338.6, 37591.42, 37650.01, 37940.46, 38072.77, 37749.68, 38193.48, 38223.51, 37985.01, 38264.85, 38040.9, 37961.15, 37576.67, 37015.05, 36327.35, 36509.41, 36807.24, 37004.43, 35882.21, 36008.69, 35745.7, 35930.8, 35977.88, 36139.09, 36177.17, 36449.99, 36525.84, 36318.22, 36679.98, 36668.23, 36830.88, 36882.02, 36639.43, 36528.85, 36282.02, 36215.49, 36209.19, 35583.5, 36187.01, 36704.68, 37160.11, 37157.26, 36880.79, 36936.33, 37351.83, 37223.19, 37206.17, 36907.14, 36799.82, 36658.46, 36486.1, 36615.35, 36447.67, 36278.6, 36906.58, 36759.65, 37188.99, 37103.63, 36843.59, 37050.56, 37222.85, 37758.0, 37788.87, 37655.01, 37716.57, 37788.27, 37535.76, 37530.74, 37737.72, 37814.47, 37653.71, 37739.78, 37836.98, 37785.82, 37703.25, 37756.2, 37736.06, 37847.57, 38161.69, 37620.04, 37567.98, 37538.19, 37646.31, 37806.24, 37853.0, 38340.03, 38358.32, 38140.0, 38166.83, 37816.46, 37931.75, 37951.79, 37917.13, 38100.02, 38139.38, 38098.51, 38244.98, 37999.99, 37889.49, 38184.74, 38110.03, 37937.21, 37963.21, 37839.0, 37977.47, 37832.45, 37991.0, 37820.96, 37512.37, 37684.45, 37729.0, 37785.78, 37881.75, 36829.3, 36823.19, 36994.69, 37025.68, 36912.84, 37001.66, 36916.79, 37121.84, 37144.71, 37212.53, 37300.31, 37265.15, 37084.17, 37251.07, 37510.85, 37722.91, 38341.99, 38473.03, 38468.29, 38415.79, 38450.62, 38410.09, 38412.45]
Lowmat = [46208.37, 46574.06, 46721.96, 46760.12, 46591.23, 46673.94, 46940.0, 46864.84, 47075.11, 46933.58, 46715.39, 46756.77, 46756.3, 46935.09, 46850.18, 46871.69, 47186.07, 47238.81, 47420.0, 47292.72, 47250.18, 47268.79, 47222.22, 47277.77, 47381.12, 47315.38, 47275.5, 47269.47, 46770.23, 46832.08, 47011.24, 47087.62, 46970.05, 47144.12, 47140.3, 47159.57, 47013.5, 47090.0, 47020.0, 47071.27, 47273.64, 47317.46, 46654.0, 46851.51, 46815.17, 46913.27, 47014.84, 47255.38, 47050.0, 46950.0, 46858.44, 46722.39, 46750.0, 46750.13, 46877.84, 46852.38, 46922.27, 46778.0, 46981.84, 47125.48, 47175.01, 47127.51, 46765.0, 46575.25, 46263.29, 46411.78, 46412.99, 46360.0, 45696.0, 45811.87, 45961.59, 46170.64, 46150.0, 46040.79, 45934.5, 46001.23, 45996.26, 46016.24, 46058.51, 46322.09, 46385.61, 46300.0, 46300.0, 46616.46, 46479.25, 46410.0, 46805.54, 46850.05, 46650.0, 46522.91, 45500.0, 45580.99, 45957.52, 46026.75, 45977.78, 45760.05, 45722.21, 46111.5, 46111.5, 46296.95, 46350.65, 46246.01, 46251.1, 46333.78, 46250.49, 46575.01, 46697.79, 46110.0, 45803.67, 46112.59, 46150.35, 46368.63, 46282.05, 46001.0, 45550.0, 44500.0, 43722.54, 43422.54, 42500.0, 43212.0, 43261.62, 43306.48, 43150.05, 42803.37, 42600.05, 42800.0, 42902.65, 42987.73, 42900.0, 42430.58, 42568.22, 42677.28, 42632.44, 42900.0, 42761.9, 42666.0, 42725.09, 42790.89, 42982.05, 43224.73, 43111.57, 43066.04, 43007.81, 43053.94, 42738.0, 42785.56, 42771.59, 41577.77, 41000.0, 41524.94, 41409.95, 41206.9, 41607.5, 42060.0, 42168.0, 42161.0, 42258.62, 41200.0, 41398.13, 40610.0, 40917.66, 41749.06, 41520.0, 41516.0, 41597.15, 41845.46, 41350.0, 41336.82, 41558.0, 41847.48, 41693.42, 41641.27, 41760.0, 41836.14, 41739.0, 41841.04, 41882.19, 41954.7, 41790.7, 41767.16, 41773.47, 41610.0, 41715.0, 41400.0, 41238.08, 40801.0, 40501.0, 40520.0, 40720.0, 40923.39, 41740.31, 41656.02, 41388.13, 41596.43, 41775.9, 41792.0, 41800.78, 41715.44, 41681.17, 41778.95, 41615.32, 41470.34, 41410.0, 41642.54, 41665.46, 41469.48, 41469.99, 41200.02, 41556.49, 41880.01, 41861.94, 41928.01, 42368.0, 42286.67, 42080.01, 41766.43, 41623.67, 41601.0, 41711.95, 41852.49, 41925.61, 41967.11, 41811.7, 41901.0, 41712.99, 41710.96, 41742.23, 41455.0, 40916.98, 40716.0, 39650.0, 40555.87, 40850.03, 40564.89, 41118.36, 41205.65, 41158.99, 41562.38, 41500.0, 41503.56, 41583.43, 41544.64, 41818.18, 42056.8, 42123.03, 42021.71, 41971.37, 42069.73, 41930.01, 41843.13, 41575.0, 41584.86, 41722.23, 41586.03, 41268.93, 41440.69, 41680.44, 42319.24, 42353.07, 42595.68, 42692.19, 42643.74, 42597.41, 42633.97, 42578.02, 42562.2, 42450.0, 42494.72, 42518.97, 42560.0, 42600.01, 42463.13, 42508.69, 42565.99, 42735.2, 42683.21, 42874.01, 43187.6, 43676.18, 43401.01, 43317.0, 43481.73, 43567.26, 43526.3, 43629.39, 43734.55, 43742.97, 43817.35, 43670.0, 43516.92, 43534.07, 43422.72, 43483.2, 43579.36, 43642.94, 43537.42, 43668.87, 43740.01, 43756.2, 43500.0, 43575.05, 43659.21, 43840.28, 42871.01, 43070.42, 42565.01, 42628.38, 42535.0, 42311.22, 42664.14, 42466.64, 42500.0, 42362.91, 42541.81, 42425.03, 42572.02, 42610.02, 42640.01, 42776.73, 42599.99, 42244.37, 42450.2, 41916.73, 41826.82, 41725.95, 42027.02, 42117.81, 42772.92, 42863.0, 42867.14, 42777.0, 43004.16, 43000.0, 43096.68, 43170.59, 43003.0, 42907.0, 42864.49, 42910.36, 42905.07, 42712.94, 42820.68, 42873.53, 42928.78, 42956.0, 42884.01, 43002.02, 42958.67, 42555.0, 42641.01, 42735.16, 43077.79, 43233.33, 43251.61, 43243.39, 43320.23, 43468.08, 43160.23, 43123.11, 43071.11, 42990.83, 42985.81, 42838.0, 42861.49, 42850.16, 42953.17, 42925.88, 43117.24, 43059.99, 43028.02, 42868.31, 42759.0, 42954.16, 42581.79, 43026.7, 43139.24, 43172.01, 43051.08, 42969.32, 42790.02, 42750.25, 42900.7, 42940.0, 43048.2, 42871.65, 42810.0, 42785.85, 42624.11, 42601.0, 42300.0, 42643.58, 42643.0, 42567.93, 42726.81, 42629.56, 42646.9, 42429.02, 42500.18, 42553.82, 42385.0, 42122.05, 41950.0, 41822.74, 42095.69, 42013.12, 41609.78, 41540.42, 42049.38, 42129.97, 42167.7, 42142.85, 41972.71, 41886.25, 41980.0, 42097.25, 41951.14, 41639.51, 41453.0, 41829.21, 41694.54, 41628.29, 41400.0, 41250.0, 41320.81, 41381.66, 41470.0, 41385.79, 41585.0, 41500.99, 41715.2, 42229.35, 42334.88, 42163.02, 42246.32, 42291.31, 41582.99, 41587.53, 41651.09, 41674.98, 41161.2, 41138.56, 41324.67, 41290.0, 41498.42, 41893.62, 42000.0, 42057.19, 41832.13, 41697.46, 41900.84, 41876.58, 41746.23, 41548.0, 41627.25, 41637.63, 41635.24, 41639.88, 41655.82, 41766.69, 41880.07, 41861.02, 41768.48, 41871.1, 41930.77, 41874.57, 41807.94, 42004.39, 42045.05, 41900.05, 41970.19, 42368.77, 42936.91, 43144.84, 42985.54, 42805.0, 42808.55, 42571.22, 41309.0, 40860.0, 40553.31, 40404.0, 39730.0, 39267.86, 38220.0, 38437.15, 38700.19, 38536.87, 38465.67, 39006.71, 38915.25, 38848.35, 38668.19, 37710.0, 38150.03, 38253.48, 38103.13, 38514.0, 38284.84, 37850.0, 37946.0, 37601.0, 36158.0, 35440.45, 35780.66, 36136.66, 36032.02, 36263.0, 36009.98, 36200.0, 35600.01, 35400.02, 35112.84, 35397.36, 34664.0, 34008.0, 34801.0, 35336.23, 35518.2, 34988.8, 34805.32, 34520.59, 34500.0, 34243.38, 34346.54, 34415.95, 35078.55, 34728.12, 34730.0, 34944.0, 35268.34, 34834.92, 34811.0, 34952.06, 34940.09, 35165.22, 35221.79, 35325.03, 35738.61, 35577.0, 35608.38, 35557.92, 35700.45, 35050.4, 35111.56, 35156.0, 35189.99, 34870.01, 34601.01, 34707.58, 35083.76, 35273.15, 35383.36, 35744.18, 35600.0, 35160.51, 35169.0, 35065.0, 34936.37, 35054.01, 34811.87, 34792.53, 34401.5, 33250.0, 33029.54, 33036.44, 32917.17, 33100.0, 33222.74, 33803.13, 34164.58, 35190.13, 35652.04, 35951.13, 36711.0, 36187.99, 36355.29, 36012.01, 35955.43, 36084.85, 36166.44, 35869.39, 35828.56, 35835.01, 35701.0, 36003.3, 36040.01, 36287.89, 36227.52, 36201.68, 36259.1, 36252.0, 35967.33, 36492.48, 36800.0, 37120.0, 36920.01, 36616.35, 36421.56, 36432.73, 36707.34, 36560.16, 36550.2, 36784.7, 36790.81, 37248.87, 37590.01, 37202.47, 37109.37, 37324.58, 37563.47, 37550.0, 37778.18, 37742.76, 37475.01, 38055.76, 37819.97, 37911.66, 38007.03, 37565.0, 37311.58, 36668.23, 36322.54, 36234.63, 36439.02, 36655.79, 35833.56, 35681.77, 35507.01, 35692.61, 35820.44, 35818.77, 35915.0, 35815.8, 36333.0, 36290.31, 36290.01, 36423.46, 36543.16, 36679.99, 36510.0, 36327.13, 36161.41, 36022.07, 35883.82, 35557.96, 35538.75, 35890.02, 36693.22, 37046.15, 36720.01, 36500.0, 36901.45, 36986.43, 37091.2, 36907.02, 36777.77, 36429.62, 36401.44, 36325.33, 36287.03, 36155.01, 36213.24, 36600.0, 36682.24, 37000.01, 36774.43, 36785.8, 36765.05, 37134.65, 37660.88, 37653.36, 37642.05, 37647.01, 37473.07, 37448.58, 37490.1, 37726.32, 37613.01, 37589.44, 37656.57, 37750.0, 37544.94, 37597.11, 37662.44, 37623.01, 37733.04, 37507.72, 37268.44, 37317.37, 37532.15, 37556.56, 37781.49, 37816.21, 38279.99, 38045.27, 37906.26, 37737.49, 37788.87, 37873.59, 37881.55, 37901.17, 38087.02, 38038.95, 38098.51, 37966.15, 37795.0, 37829.0, 37958.13, 37849.53, 37823.08, 37712.05, 37778.2, 37800.0, 37751.72, 37813.79, 37442.52, 37351.63, 37492.25, 37625.41, 37778.46, 36828.32, 36760.87, 36632.61, 36925.27, 36811.48, 36850.0, 36916.78, 36880.6, 37100.71, 37085.23, 37156.8, 36880.0, 36828.52, 36724.0, 37193.77, 37510.84, 37671.46, 38122.83, 38342.89, 38383.91, 38236.69, 38335.0, 38398.58, 38336.04]
matris = [46656.13, 46778.14, 46811.77, 46813.2, 46711.05, 47192.55, 46979.62, 47194.73, 47124.82, 47143.98, 46871.08, 46758.87, 47074.05, 47023.24, 46926.22, 47219.04, 47268.62, 47754.48, 47560.55, 47329.78, 47391.82, 47319.67, 47440.74, 47722.65, 47625.3, 47377.97, 47370.5, 47329.47, 46910.3, 47081.28, 47122.61, 47173.45, 47222.4, 47273.24, 47188.89, 47235.5, 47292.95, 47137.35, 47112.55, 47340.47, 47792.3, 47401.14, 47058.12, 46907.68, 47007.14, 47018.03, 47255.38, 47286.18, 47050.08, 47116.71, 46999.98, 46793.26, 46822.26, 47078.64, 46923.75, 47051.37, 46978.82, 46984.55, 47126.02, 47378.0, 47194.39, 47153.5, 46874.53, 46693.45, 46482.34, 46577.15, 46472.73, 46360.01, 45922.0, 45979.01, 46217.9, 46446.1, 46244.37, 46054.99, 46103.36, 46313.97, 46100.14, 46151.66, 46367.53, 46550.0, 46489.73, 46356.21, 46625.37, 46733.77, 46641.53, 46955.22, 47333.38, 46925.35, 46767.27, 46555.01, 45750.0, 46052.36, 46264.92, 46221.89, 46159.91, 45832.01, 46271.57, 46111.5, 46296.95, 46422.55, 46414.47, 46302.8, 46450.0, 46407.51, 46642.07, 46858.94, 46818.5, 46270.99, 46229.99, 46440.01, 46689.52, 46622.53, 46301.62, 46010.72, 45919.92, 44685.93, 43967.01, 43606.37, 43437.05, 43451.13, 43680.94, 43542.69, 43259.54, 42835.0, 43029.73, 43050.01, 43102.28, 43245.25, 43055.41, 42597.87, 42878.88, 42878.34, 43062.76, 43150.01, 42805.5, 42950.01, 42882.22, 43005.29, 43369.04, 43438.1, 43221.5, 43120.64, 43180.97, 43082.31, 42788.15, 43008.9, 42799.13, 41803.11, 41700.33, 41851.33, 41529.14, 41706.71, 42088.61, 42422.56, 42172.83, 42258.62, 42400.0, 41489.22, 41894.4, 41319.11, 42135.26, 41993.48, 41707.64, 41775.38, 41922.2, 41875.01, 41541.82, 41566.48, 41991.89, 41883.41, 41882.85, 41810.91, 41900.92, 41971.7, 41922.23, 41913.58, 41964.88, 42163.71, 41918.66, 41940.22, 41876.31, 41905.0, 41741.27, 41613.33, 41346.01, 40842.12, 40679.82, 40831.07, 40975.37, 41769.03, 41911.11, 41679.74, 41773.24, 41809.67, 42098.99, 41833.89, 42079.41, 41765.9, 41873.62, 41791.51, 41666.67, 41510.01, 41644.7, 41857.62, 41746.98, 41470.0, 41535.93, 41621.11, 42143.04, 42094.59, 41966.99, 42695.26, 42439.38, 42300.0, 42205.37, 41864.62, 41655.18, 41815.32, 41927.71, 41967.59, 42187.22, 42031.29, 41925.01, 42042.38, 41816.84, 41796.01, 41778.88, 41565.34, 40930.0, 40774.0, 40786.57, 40984.33, 41904.4, 41184.45, 41604.58, 41297.15, 41714.72, 41714.13, 41604.98, 41822.49, 41593.7, 41928.82, 42173.77, 42277.98, 42304.65, 42110.0, 42105.0, 42211.05, 41991.78, 41984.8, 41631.02, 41809.99, 41812.69, 41701.52, 41642.0, 41733.93, 42705.24, 42549.01, 42755.0, 42972.05, 42800.38, 42659.2, 42713.13, 42729.29, 42675.0, 42626.05, 42559.33, 42605.02, 42629.9, 42705.51, 42675.55, 42561.67, 42603.51, 42796.83, 42765.18, 42935.92, 43285.51, 43920.97, 43849.54, 43560.29, 43611.02, 43841.57, 43589.98, 43743.11, 43819.17, 43773.09, 43842.95, 43902.66, 43720.0, 43548.57, 43587.63, 43509.93, 43623.02, 43662.68, 43708.42, 43699.99, 43896.44, 43883.0, 43780.25, 43602.31, 43803.16, 43924.62, 44154.52, 43200.0, 43250.89, 42822.12, 42709.29, 42700.67, 42796.18, 42810.99, 42594.37, 42560.11, 42750.66, 42581.12, 42713.89, 42623.87, 42680.28, 42894.92, 42810.22, 42660.01, 42519.99, 42548.53, 42075.29, 42012.94, 42057.26, 42165.0, 42975.88, 43109.0, 43201.06, 42913.26, 43050.04, 43077.93, 43100.94, 43293.89, 43250.56, 43059.96, 43100.01, 42967.8, 43090.0, 42927.96, 42907.71, 42985.96, 43068.4, 43088.12, 42983.95, 43061.7, 43096.75, 43017.59, 42715.56, 42906.51, 43186.48, 43401.21, 43338.22, 43383.26, 43334.93, 43528.34, 43485.0, 43296.72, 43237.4, 43084.29, 43069.7, 42996.99, 42923.66, 42977.22, 43023.02, 42958.69, 43200.0, 43202.21, 43070.27, 43074.99, 42899.99, 42968.29, 43005.93, 43129.54, 43300.02, 43219.53, 43381.45, 43071.88, 43066.8, 42824.79, 43029.01, 42951.01, 43190.01, 43071.66, 42891.12, 42894.05, 42918.6, 42647.4, 42622.99, 42664.68, 42748.92, 42656.03, 42790.35, 42838.94, 42795.11, 42671.31, 42550.09, 42646.38, 42661.71, 42477.66, 42217.03, 42110.83, 42174.65, 42238.31, 42083.47, 41724.2, 42077.19, 42201.62, 42361.8, 42260.9, 42272.03, 42040.54, 42033.75, 42097.25, 42236.07, 42061.94, 41718.73, 41903.48, 41924.72, 41854.14, 41807.52, 41654.09, 41449.34, 41587.27, 41706.66, 41489.04, 41607.37, 41699.61, 41784.27, 42369.92, 42480.96, 42352.12, 42252.73, 42420.18, 42333.81, 41706.41, 41712.02, 41762.55, 41710.59, 41287.1, 41368.68, 41573.59, 41505.53, 42033.0, 42094.99, 42191.85, 42495.38, 41981.27, 41912.76, 42151.01, 42005.0, 41873.79, 41631.4, 41712.22, 41976.88, 41660.01, 41828.24, 41769.99, 41983.27, 41924.97, 41884.17, 41879.2, 42009.07, 42058.31, 41966.58, 42053.53, 42105.29, 42129.44, 42033.76, 42375.14, 42969.66, 43308.69, 43274.78, 43025.85, 42834.19, 42917.32, 42723.71, 41326.04, 41167.25, 40680.91, 40894.8, 39762.99, 39830.52, 38465.65, 38842.03, 38909.01, 38679.8, 39134.55, 39157.63, 38959.77, 38965.92, 38898.18, 38186.16, 38491.01, 38429.11, 38857.26, 38720.72, 38382.5, 38265.12, 37984.12, 38355.16, 36682.23, 36117.6, 36445.31, 36487.96, 36483.15, 36467.23, 36341.64, 36278.51, 35738.77, 35719.0, 35400.02, 35599.94, 34814.49, 35488.54, 35406.76, 35768.0, 35576.3, 35009.27, 34838.68, 35100.02, 34610.01, 34392.12, 34528.62, 35287.51, 35387.01, 34875.0, 35071.42, 35401.1, 35315.04, 34875.29, 35051.0, 35217.66, 35456.4, 35279.83, 35571.19, 35846.77, 35882.35, 35902.12, 35686.29, 35803.21, 35969.27, 35323.85, 35287.58, 35228.45, 35332.6, 34956.27, 34775.45, 35300.13, 35346.15, 35508.47, 36244.55, 35840.29, 35652.22, 35201.17, 35338.26, 35123.56, 35184.06, 35265.37, 34888.81, 34959.79, 34512.2, 33276.59, 33697.11, 33114.9, 33335.23, 33622.71, 34233.95, 34417.76, 35363.1, 36179.99, 36066.4, 37220.05, 36805.22, 36369.44, 36660.35, 36037.58, 36125.31, 36317.27, 36424.49, 35950.0, 36054.81, 35843.89, 36044.01, 36070.55, 36409.42, 36430.39, 36406.0, 36519.13, 36498.0, 36299.99, 36530.0, 36837.7, 37273.33, 37320.08, 37067.13, 36859.79, 36556.04, 36791.16, 36958.32, 36638.5, 36851.85, 36812.89, 37389.76, 37789.73, 37600.0, 37288.56, 37338.59, 37591.42, 37650.0, 37940.46, 38072.77, 37749.2, 38193.48, 38223.52, 37985.0, 38264.86, 38040.9, 37961.15, 37579.9, 37015.05, 36323.08, 36509.4, 36809.34, 37004.43, 35882.21, 36008.69, 35745.7, 35930.8, 35973.39, 36139.09, 36173.87, 36450.0, 36525.85, 36318.22, 36679.98, 36668.23, 36830.89, 36882.03, 36639.43, 36528.86, 36282.03, 36215.49, 36209.2, 35583.5, 36187.01, 36705.27, 37160.1, 37157.27, 36880.8, 36935.62, 37351.83, 37223.18, 37205.6, 36907.14, 36799.82, 36658.47, 36486.09, 36615.35, 36448.28, 36278.6, 36910.46, 36759.65, 37188.98, 37103.62, 36843.6, 37050.57, 37222.86, 37758.01, 37788.87, 37655.01, 37716.56, 37788.27, 37535.77, 37530.75, 37737.73, 37814.46, 37653.72, 37739.78, 37836.99, 37785.82, 37703.24, 37756.19, 37736.07, 37847.57, 38161.69, 37620.04, 37566.82, 37538.19, 37646.31, 37806.23, 37853.0, 38340.03, 38358.32, 38140.0, 38166.84, 37816.45, 37931.75, 37951.8, 37917.13, 38099.34, 38139.39, 38098.51, 38244.98, 38000.0, 37889.48, 38184.74, 38110.02, 37938.47, 37963.22, 37838.99, 37980.09, 37832.44, 37991.0, 37820.95, 37512.37, 37684.45, 37729.0, 37785.78, 37881.76, 36829.3, 36821.05, 36993.58, 37025.68, 36912.84, 37001.65, 36916.78, 37121.83, 37145.63, 37212.53, 37300.31, 37265.16, 37081.15, 37251.08, 37510.84, 37722.91, 38341.99, 38473.03, 38468.29, 38415.79, 38450.62, 38410.09, 38412.46, 38466.9]





# open the file in read mode
filename = open('BTCUSDT-1h-2022-01.csv', 'r') # bu kısıma aynı klasorde cvs dosyasını yerlestireceksin run dedinmi


# creating dictreader object
file = csv.DictReader(filename)

# creating empty lists
Opentime = []
Open = []
High= []
Low = []
Close = []
Volume = []
Closetime= []


# iterating over each row and append
# values to empty list
for col in file:
    Opentime.append(col['Opentime'])
    Open.append(col['Open'])
    High.append(col['High'])
    Low.append(col['Low'])
    Close.append(col['Close'])
    Volume.append(col['Volume'])
    Closetime.append(col['Closetime'])

High=[float(x) for x in High]
print('highmat =',High)
Open=[float(x) for x in Open]
print('Openmat =',Open)
Low=[float(x) for x in Low]
print('Lowmat =',Low)
Close=[float(x) for x in Close]
print('matris =',Close)
